% Points:

X = [ ...
0.2069489822787689, 0.2065013239220728, -0.1992144395589963, -0.4583875964939479, -0.4636130565438541, 0.4083374709899886, -0.325553388638006, 0.4587391763541281, -0.05942318314632698, 0.4864161852620693, -0.08021785326322341, -0.1299917093757463, 0.4774803640111167, -0.4119247863180235, 0.4039593030735471, -0.3973381159802322, -0.262210898811194, 0.03651591300639875, -0.4516272921595977, 0.1856590641528918, 0.2855050110123167, -0.02687169194861473, 0.06352950871319464, -0.2815180986947549, -0.05554607888268873, 0.4781763739680651, 0.1738791602420426, -0.003358675170092541, 0.3296908911594105, 0.4641506718137773; ...
0.191539626746941, -0.3322543709839269, -0.1970880219685734, -0.1203345992791789, 0.05535838292479364, -0.07213218004641327, 0.4241957961806988, 0.02932948063065249, 0.2745574119263863, 0.196817979865538, -0.2214630802361882, 0.2293376263504267, 0.0124702849541514, -0.2198843361995037, 0.3439996827803549, -0.06171608302902065, 0.02142181947959756, -0.2770543003241106, -0.4998997049405237, 0.3718858518375883, 0.4827139368119779, 0.3674697171593734, -0.2595514676156933, -0.4746864726531193, 0.4370487406263582, -0.2896903742008753, 0.3870409143967935, -0.4492574706201046, 0.1148012230310601, -0.01966637141971511];
N = X;
