% Points:

X = [ ...
-10.101, -23.73884008171504, -0.7462460195600792, -0.3844614855821553, 0.2243487736023896, -0.1506550538713325, 5.272483981332329, -0.377683779226891, -0.4834286603320078, -0.1699288345827583, -0.2936076693233785, -0.311907119494106, 0.5353644027401804, 0.7945580564863762, -0.06688739739729578, 0.00336955079391399, 0.4538267542056891, 0.3277701297326185, 0.2179641625507525, 0.09650145091879397, 0.1055056869896198, -0.3612508264611579, -0.3362175288789791, -0.1875285971986141, -0.1628685865123612, 0.5408749162289275, 0.3954116517344018, 0.4527956618826333, 0.0532767934975238, 0.01682352643957427, 0.02259892983847444, -0.3635307119229785, -0.3335281783571828, -0.2794799906825181, -0.1075677656225941, -0.01992181791070719, 0.4264269251332451, 0.3700971676627922, 0.3245445542874587, 0.3573701638966438, 0.1778988117353958, 0.1486344033949066, 0.09770871980503867, -0.148657073270197, 0.06672948029621881, 0.08482825636553208, 0.08131089948095688, 0.08078899971960972, 0.2864304943752498, 0.2966419920072569, 0.2382358268117145; ...
-10.101, -0.7248175351299416, -0.3153043028070926, -0.3666006035716925, -4.474135130778728, -0.3720925758170801, -0.1275658271012624, -0.1432853910512535, -0.03315517160144646, -0.3567708602734567, -0.32010199331221, -0.1493514784753147, -0.1513436232712377, -0.1378804757351573, -0.3438288717964003, -0.1962991331794305, -1.022571013001619, -0.2179839828666388, -0.1327824348511611, -0.3816624553944071, -0.3539344334881729, 4.016613245591974, 0.2179302052580241, 0.3671559584940898, 0.3583175771205017, 0.1017878019499431, -0.002461690405109551, 0.003876260612751922, -0.007946856390179851, 0.01739963449038996, 0.06888300493917442, 0.03471812032237399, 0.212773126020164, -0.1018927360929253, -0.05233038499163213, 0.01334250357694359, 0.1207000143318152, 0.2283401862555235, 0.2431008450209675, 0.01643565317095095, -0.05907149425524549, -0.03826476419830808, 0.5888681235619172, 0.3579784850654069, 0.4467419811540033, 0.2685529964250695, 0.2774100348262969, 0.3025269660275767, 0.292352192327635, 0.3722904717029667, 0.424909073456525];


% Lines (facets, there is 30 of them):

L = { [ 0.2864304943752498,0.3245445542874587,0.1486344033949066,0.0532767934975238,0.01682352643957427,0.02259892983847444,0.08482825636553208,0.2864304943752498; ...
	0.292352192327635,0.2431008450209675,-0.03826476419830808,-0.007946856390179851,0.01739963449038996,0.06888300493917442,0.2685529964250695,0.292352192327635], ...
[ 0.1055056869896198,0.2179641625507525,0.3277701297326185,0.4538267542056891,0.09650145091879397,0.1055056869896198; ...
	-0.3539344334881729,-0.1327824348511611,-0.2179839828666388,-1.022571013001619,-0.3816624553944071,-0.3539344334881729], ...
[ -0.1075677656225941,-0.1699288345827583,-0.2936076693233785,-0.311907119494106,-0.2794799906825181,-0.1075677656225941; ...
	-0.05233038499163213,-0.3567708602734567,-0.32010199331221,-0.1493514784753147,-0.1018927360929253,-0.05233038499163213], ...
[ -0.4834286603320078,-23.73884008171504,-0.7462460195600792,-0.377683779226891,-0.4834286603320078; ...
	-0.03315517160144646,-0.7248175351299416,-0.3153043028070926,-0.1432853910512535,-0.03315517160144646], ...
[ -0.3335281783571828,-0.3362175288789791,-10.101,-23.73884008171504,-0.4834286603320078,-0.3635307119229785,-0.3335281783571828; ...
	0.212773126020164,0.2179302052580241,-10.101,-0.7248175351299416,-0.03315517160144646,0.03471812032237399,0.212773126020164], ...
[ 0.1778988117353958,0.2179641625507525,0.3277701297326185,0.5353644027401804,0.3954116517344018,0.3573701638966438,0.1778988117353958; ...
	-0.05907149425524549,-0.1327824348511611,-0.2179839828666388,-0.1513436232712377,-0.002461690405109551,0.01643565317095095,-0.05907149425524549], ...
[ -0.1875285971986141,-0.3612508264611579,-10.101,-0.3362175288789791,-0.1875285971986141; ...
	0.3671559584940898,4.016613245591974,-10.101,0.2179302052580241,0.3671559584940898], ...
[ 0.3573701638966438,0.3954116517344018,0.4527956618826333,0.5408749162289275,0.4264269251332451,0.3573701638966438; ...
	0.01643565317095095,-0.002461690405109551,0.003876260612751922,0.1017878019499431,0.1207000143318152,0.01643565317095095], ...
[ 0.08131089948095688,-0.148657073270197,-0.1628685865123612,0.02259892983847444,0.08482825636553208,0.08131089948095688; ...
	0.2774100348262969,0.3579784850654069,0.3583175771205017,0.06888300493917442,0.2685529964250695,0.2774100348262969], ...
[ 0.3700971676627922,-10.101,5.272483981332329,0.5408749162289275,0.4264269251332451,0.3700971676627922; ...
	0.2283401862555235,-10.101,-0.1275658271012624,0.1017878019499431,0.1207000143318152,0.2283401862555235], ...
[ -0.01992181791070719,0.01682352643957427,0.0532767934975238,0.00336955079391399,-0.06688739739729578,-0.1506550538713325,-0.1699288345827583,-0.1075677656225941,-0.01992181791070719; ...
	0.01334250357694359,0.01739963449038996,-0.007946856390179851,-0.1962991331794305,-0.3438288717964003,-0.3720925758170801,-0.3567708602734567,-0.05233038499163213,0.01334250357694359], ...
[ -0.01992181791070719,0.01682352643957427,0.02259892983847444,-0.1628685865123612,-0.1875285971986141,-0.3362175288789791,-0.3335281783571828,-0.01992181791070719; ...
	0.01334250357694359,0.01739963449038996,0.06888300493917442,0.3583175771205017,0.3671559584940898,0.2179302052580241,0.212773126020164,0.01334250357694359], ...
[ 0.4527956618826333,0.7945580564863762,5.272483981332329,0.5408749162289275,0.4527956618826333; ...
	0.003876260612751922,-0.1378804757351573,-0.1275658271012624,0.1017878019499431,0.003876260612751922], ...
[ -0.311907119494106,-0.377683779226891,-0.7462460195600792,-0.3844614855821553,-0.2936076693233785,-0.311907119494106; ...
	-0.1493514784753147,-0.1432853910512535,-0.3153043028070926,-0.3666006035716925,-0.32010199331221,-0.1493514784753147], ...
[ 0.2966419920072569,-10.101,0.3700971676627922,0.3245445542874587,0.2864304943752498,0.2966419920072569; ...
	0.3722904717029667,-10.101,0.2283401862555235,0.2431008450209675,0.292352192327635,0.3722904717029667], ...
[ -0.2794799906825181,-0.311907119494106,-0.377683779226891,-0.4834286603320078,-0.3635307119229785,-0.2794799906825181; ...
	-0.1018927360929253,-0.1493514784753147,-0.1432853910512535,-0.03315517160144646,0.03471812032237399,-0.1018927360929253], ...
[ -0.01992181791070719,-0.3335281783571828,-0.3635307119229785,-0.2794799906825181,-0.1075677656225941,-0.01992181791070719; ...
	0.01334250357694359,0.212773126020164,0.03471812032237399,-0.1018927360929253,-0.05233038499163213,0.01334250357694359], ...
[ 0.1055056869896198,0.00336955079391399,-0.06688739739729578,0.09650145091879397,0.1055056869896198; ...
	-0.3539344334881729,-0.1962991331794305,-0.3438288717964003,-0.3816624553944071,-0.3539344334881729], ...
[ 0.2243487736023896,-10.101,-23.73884008171504,-0.7462460195600792,-0.3844614855821553,0.2243487736023896; ...
	-4.474135130778728,-10.101,-0.7248175351299416,-0.3153043028070926,-0.3666006035716925,-4.474135130778728], ...
[ 0.2382358268117145,0.08078899971960972,0.08131089948095688,0.08482825636553208,0.2864304943752498,0.2966419920072569,0.2382358268117145; ...
	0.424909073456525,0.3025269660275767,0.2774100348262969,0.2685529964250695,0.292352192327635,0.3722904717029667,0.424909073456525], ...
[ 0.2382358268117145,0.09770871980503867,-0.3612508264611579,-10.101,0.2966419920072569,0.2382358268117145; ...
	0.424909073456525,0.5888681235619172,4.016613245591974,-10.101,0.3722904717029667,0.424909073456525], ...
[ 0.08078899971960972,0.06672948029621881,-0.148657073270197,0.08131089948095688,0.08078899971960972; ...
	0.3025269660275767,0.4467419811540033,0.3579784850654069,0.2774100348262969,0.3025269660275767], ...
[ 0.1486344033949066,0.0532767934975238,0.00336955079391399,0.1055056869896198,0.2179641625507525,0.1778988117353958,0.1486344033949066; ...
	-0.03826476419830808,-0.007946856390179851,-0.1962991331794305,-0.3539344334881729,-0.1327824348511611,-0.05907149425524549,-0.03826476419830808], ...
